0 0
1 3
2 1
3 0
4 1
5 5
6 5
7 8
8 6
9 11
10 8
11 5
12 12
13 16
14 15
15 12
16 12
17 17
18 17
19 19
20 19
21 21
22 26
23 33
24 26
25 27
26 30
27 29
28 31
29 34
30 31
31 25
32 21
33 37
34 21
35 38
36 34
37 36
38 23
39 28
40 40
41 40
42 41
43 40
44 44
45 44
46 46
47 47
48 47
49 47
50 48
51 48
52 52
53 52
54 52
55 56
56 52
57 57
58 57
59 58
60 57
61 61
62 78
63 65
64 70
65 77
66 78
67 70
68 61
69 75
70 77
71 76
72 64
73 74
74 79
75 84
76 61
77 80
78 83
79 62
80 84
81 72
82 87
83 71
84 88
85 65
86 69
87 72
88 73
89 89
90 94
91 93
92 89
93 94
94 92
95 95
96 96
97 96
98 98
99 101
100 98
101 100
102 102
103 104
104 102
105 105
106 105
107 105
108 108
109 108
110 111
111 108
112 112
113 112
114 117
115 116
116 112
117 113
118 118
119 119
120 119
121 121
122 125
123 124
124 121
125 123
126 126
127 129
128 127
129 131
130 128
131 126
132 132
133 137
134 137
135 132
136 133
137 135
138 138
139 143
140 141
141 143
142 138
143 138
144 142
145 145
146 149
147 145
148 145
149 152
150 154
151 155
152 153
153 147
154 148
155 145
156 156
157 160
158 156
159 162
160 163
161 159
162 158
163 156
164 164
165 169
166 176
167 171
168 167
169 178
170 165
171 170
172 177
173 172
174 168
175 164
176 169
177 171
178 175
179 179
180 180
181 197
182 184
183 199
184 198
185 182
186 189
187 193
188 186
189 196
190 188
191 187
192 193
193 180
194 201
195 185
196 183
197 194
198 200
199 198
200 180
201 182
202 202
203 202
204 210
205 207
206 205
207 208
208 209
209 204
210 203
211 202
212 212
213 216
214 213
215 219
216 220
217 218
218 220
219 212
220 212
221 221
222 221
223 223
224 229
225 230
226 223
227 226
228 226
229 227
230 227
231 232
232 223
233 233
234 238
235 234
236 243
237 238
238 236
239 233
240 237
241 233
242 244
243 241
244 239
245 236
246 242
247 247
248 249
249 247
250 250
251 254
252 251
253 254
254 250
255 255
256 257
257 255
258 258
259 262
260 264
261 263
262 265
263 258
264 265
265 261
266 267
267 260
268 268
269 269
270 272
271 274
272 280
273 279
274 270
275 270
276 286
277 273
278 273
279 269
280 278
281 269
282 284
283 271
284 276
285 269
286 283
287 287
288 289
289 287
290 287
291 290
292 288
293 292
294 295
295 292
296 295
297 297
298 298
299 298
300 299
301 301
302 302
303 306
304 306
305 303
306 302
307 304
308 308
309 312
310 312
311 309
312 308
313 313
314 317
315 316
316 314
317 313
318 318
319 318
320 320
321 322
322 320
323 323
324 331
325 323
326 328
327 330
328 324
329 331
330 331
331 325
332 332
333 332
334 334
335 339
336 338
337 334
338 339
339 334
340 336
341 342
342 337
343 343
344 353
345 352
346 355
347 343
348 350
349 347
350 356
351 345
352 346
353 345
354 357
355 348
356 349
357 343
358 350
359 349
360 360
361 360
362 362
363 362
364 400
365 387
366 382
367 375
368 389
369 411
370 397
371 370
372 402
373 365
374 392
375 368
376 363
377 379
378 403
379 390
380 396
381 410
382 392
383 375
384 382
385 362
386 404
387 385
388 378
389 364
390 408
391 365
392 377
393 367
394 388
395 406
396 408
397 401
398 402
399 389
400 385
401 369
402 383
403 398
404 395
405 375
406 412
407 376
408 406
409 372
410 394
411 393
412 371
413 413
414 418
415 422
416 423
417 413
418 420
419 413
420 413
421 415
422 414
423 414
424 422
425 425
426 425
427 426
428 428
429 449
430 444
431 436
432 448
433 449
434 445
435 443
436 447
437 432
438 451
439 446
440 430
441 435
442 447
443 429
444 441
445 428
446 438
447 433
448 440
449 445
450 439
451 437
452 452
453 452
454 458
455 453
456 454
457 452
458 452
459 458
460 454
461 461
462 470
463 468
464 470
465 467
466 469
467 466
468 465
469 461
470 463
471 471
472 471
473 473
474 476
475 473
476 475
477 477
478 487
479 489
480 477
481 482
482 483
483 480
484 477
485 478
486 482
487 484
488 481
489 477
490 490
491 499
492 495
493 497
494 492
495 490
496 490
497 500
498 497
499 496
500 494
501 501
502 506
503 519
504 520
505 511
506 511
507 514
508 502
509 501
510 524
511 518
512 521
513 514
514 510
515 524
516 509
517 521
518 521
519 507
520 515
521 513
522 503
523 516
524 501
525 525
526 525
527 527
528 527
529 530
530 527
531 527
532 532
533 532
534 535
535 533
536 536
537 536
538 539
539 536
540 540
541 547
542 546
543 540
544 549
545 551
546 540
547 542
548 540
549 553
550 541
551 548
552 548
553 543
554 554
555 555
556 562
557 561
558 555
559 556
560 566
561 563
562 569
563 571
564 563
565 555
566 563
567 557
568 572
569 565
570 572
571 555
572 557
573 568
574 574
575 576
576 600
577 598
578 604
579 596
580 579
581 595
582 584
583 594
584 574
585 578
586 584
587 590
588 581
589 574
590 575
591 583
592 585
593 601
594 587
595 596
596 591
597 589
598 581
599 593
600 601
601 582
602 600
603 604
604 580
605 605
606 607
607 628
608 606
609 605
610 620
611 621
612 608
613 643
614 629
615 617
616 617
617 618
618 634
619 613
620 606
621 615
622 616
623 637
624 633
625 630
626 625
627 636
628 613
629 640
630 614
631 626
632 622
633 642
634 638
635 611
636 639
637 614
638 607
639 629
640 609
641 626
642 635
643 631
644 641
645 645
646 645
647 645
648 648
649 648
650 650
651 650
652 653
653 651
654 650
655 653
656 656
657 656
658 656
659 659
660 659
661 675
662 664
663 676
664 671
665 676
666 663
667 664
668 678
669 660
670 663
671 680
672 669
673 672
674 669
675 678
676 661
677 666
678 672
679 674
680 677
681 681
682 686
683 685
684 689
685 681
686 684
687 689
688 690
689 683
690 685
691 681
692 693
693 686
694 694
695 701
696 698
697 700
698 694
699 694
700 696
701 699
702 702
703 702
704 702
705 705
706 705
707 706
708 708
709 708
710 710
711 710
712 711
713 713
714 714
715 719
716 725
717 730
718 728
719 718
720 732
721 743
722 740
723 732
724 743
725 742
726 718
727 720
728 741
729 721
730 715
731 727
732 736
733 714
734 738
735 722
736 735
737 714
738 731
739 725
740 728
741 716
742 714
743 744
744 722
745 740
746 736
747 747
748 751
749 760
750 747
751 753
752 751
753 758
754 750
755 780
756 751
757 759
758 777
759 749
760 774
761 756
762 777
763 775
764 747
765 778
766 756
767 757
768 778
769 762
770 750
771 769
772 761
773 771
774 764
775 759
776 754
777 750
778 779
779 748
780 761
781 781
782 805
783 793
784 816
785 788
786 809
787 782
788 784
789 785
790 781
791 802
792 784
793 806
794 787
795 788
796 813
797 794
798 783
799 811
800 789
801 794
802 806
803 800
804 788
805 807
806 790
807 783
808 786
809 799
810 783
811 801
812 791
813 808
814 781
815 814
816 808
817 817
818 829
819 831
820 850
821 825
822 845
823 838
824 846
825 840
826 849
827 841
828 821
829 843
830 817
831 853
832 817
833 818
834 847
835 845
836 827
837 823
838 820
839 842
840 830
841 831
842 832
843 826
844 826
845 820
846 818
847 848
848 840
849 838
850 839
851 822
852 851
853 852
854 841
